hours = [0
1
2
3
4
5
6
7
8
9
10
11
12
13
14
15
16
17
18
19
20
21
22
23
24
25
26
27
28
29
30
31
32
33
34
35
36
37
38
39
40
41
42
43
44
45
46
47
48
49
50
51
52
53
54
55
56
57
58
59
60
61
62
63
64
65
66
67
68
69
70
71
72
73
74
75
76
77
78
79
80
81
82
83
84
85
86
87
88
89
90
91
92
93
94
95
96
97
98
99
100
101
102
103
104
105
106
107
108
109
110
111
112
113
114
115
116
117
118
119
120
121
122
123
124
125
126
127
128
129
130
131
132
133
134
135
136
137
138
139
140
141
142
143
144
145
146
147
148
149
150
151
152
153
154
155
156
157
158
159
160
161
162
163
164
165
166
167
168
169
170
171
172
173
174
175
176
177
178
179
180
181
182
183
184
185
186
187
188
189
190
191
];
hydrogen_column = [0.983333333
0.982407407
0.978703704
0.974074074
0.971296296
0.964814815
0.962962963
0.977777778
0.983333333
0.984259259
0.980555556
0.974074074
0.971296296
0.966666667
0.966666667
0.97037037
0.974074074
0.97962963
0.981481481
0.982407407
0.984259259
0.986111111
0.987037037
0.987962963
0.966666667
0.964814815
0.964814815
0.965740741
0.965740741
0.962962963
0.961111111
0.962037037
0.960185185
0.959259259
0.960185185
0.959259259
0.962037037
0.956481481
0.95462963
0.95462963
0.959259259
0.961111111
0.97037037
0.97962963
0.982407407
0.986111111
0.992592593
0.999074074
0.997222222
0.99537037
1
0.999074074
1.000925926
1.000925926
0.997222222
0.989814815
0.972222222
0.960185185
0.939814815
0.950925926
0.930555556
0.921296296
0.928703704
0.916666667
0.911111111
0.912962963
0.911111111
0.915740741
0.921296296
0.933333333
0.942592593
0.943518519
0.892592593
0.888888889
0.892592593
0.898148148
0.902777778
0.907407407
0.908333333
0.89537037
0.881481481
0.862037037
0.840740741
0.82037037
0.830555556
0.835185185
0.822222222
0.824074074
0.814814815
0.814814815
0.814814815
0.814814815
0.814814815
0.814814815
0.815740741
0.822222222
0.874074074
0.873148148
0.875925926
0.875
0.876851852
0.87962963
0.87962963
0.887037037
0.878703704
0.873148148
0.868518519
0.860185185
0.857407407
0.882407407
0.860185185
0.84537037
0.844444444
0.843518519
0.847222222
0.853703704
0.862962963
0.87037037
0.87037037
0.871296296
0.897222222
0.898148148
0.899074074
0.899074074
0.9
0.900925926
0.9
0.900925926
0.900925926
0.900925926
0.898148148
0.897222222
0.882407407
0.890740741
0.880555556
0.869444444
0.869444444
0.875925926
0.874074074
0.884259259
0.901851852
0.907407407
0.918518519
0.9
0.980555556
0.983333333
0.989814815
0.988888889
0.989814815
0.97962963
0.975925926
0.972222222
0.975
0.969444444
0.965740741
0.965740741
0.965740741
0.969444444
0.968518519
0.971296296
0.969444444
0.964814815
0.961111111
0.973148148
0.977777778
0.97962963
0.982407407
0.986111111
0.966666667
0.965740741
0.963888889
0.965740741
0.968518519
0.97037037
0.968518519
0.976851852
0.977777778
0.969444444
0.971296296
0.969444444
0.967592593
0.964814815
0.964814815
0.963888889
0.968518519
0.968518519
0.97037037
0.971296296
0.967592593
0.962962963
0.966666667
0.972222222
]; %R134a Evaporator temperature [°C]
heat_column = [0.964
0.962
0.954
0.944
0.938
0.924
0.92
0.952
0.964
0.966
0.958
0.944
0.938
0.928
0.928
0.936
0.944
0.956
0.96
0.962
0.966
0.97
0.972
0.974
0.928
0.924
0.924
0.926
0.926
0.92
0.916
0.918
0.914
0.912
0.914
0.912
0.918
0.906
0.902
0.902
0.912
0.916
0.936
0.956
0.962
0.97
0.984
0.998
0.994
0.99
1
0.998
1.002
1.002
0.994
0.978
0.94
0.914
0.87
0.894
0.85
0.83
0.846
0.82
0.808
0.812
0.808
0.818
0.83
0.856
0.876
0.878
0.768
0.76
0.768
0.78
0.79
0.8
0.802
0.774
0.744
0.702
0.656
0.612
0.634
0.644
0.616
0.62
0.6
0.6
0.6
0.6
0.6
0.6
0.602
0.616
0.728
0.726
0.732
0.73
0.734
0.74
0.74
0.756
0.738
0.726
0.716
0.698
0.692
0.746
0.698
0.666
0.664
0.662
0.67
0.684
0.704
0.72
0.72
0.722
0.778
0.78
0.782
0.782
0.784
0.786
0.784
0.786
0.786
0.786
0.78
0.778
0.746
0.764
0.742
0.718
0.718
0.732
0.728
0.75
0.788
0.8
0.824
0.784
0.958
0.964
0.978
0.976
0.978
0.956
0.948
0.94
0.946
0.934
0.926
0.926
0.926
0.934
0.932
0.938
0.934
0.924
0.916
0.942
0.952
0.956
0.962
0.97
0.928
0.926
0.922
0.926
0.932
0.936
0.932
0.95
0.952
0.934
0.938
0.934
0.93
0.924
0.924
0.922
0.932
0.932
0.936
0.938
0.93
0.92
0.928
0.94
];
%T_evaporation_column = [-20	-16	-12	-8	-4	0	4	8	12	16	20 24];
%COP_column = [3.393099424	3.64291794	3.926798755	4.250081937	4.625137979	5.060373378	5.574988762	6.195732437	6.945196273	7.866000124	9.056418283	10.58993107
%];


%T_evaporation = T_evaporation_column.'; % column to row
%COP = COP_column.';
%sftool(T_evaporation,COP)
%cftool(T_evaporation,COP)