T_evaporation_column = [-20 -16 -12 -8	-4 0 4 8 12	16 20 24 28 32 36 40 44]; %R134a Evaporator temperature [°C]
COP_column = [2.417389383	2.558560619	2.714989005	2.888740475	3.083673749	3.301278771	3.547635763	3.829891762	4.151348256	4.519518933	4.955983562	5.461793879	6.073643944	6.817751091	7.745397528	8.901360368	10.44456037
];
%T_evaporation_column = [-20	-16	-12	-8	-4	0	4	8	12	16	20 24];
%COP_column = [3.393099424	3.64291794	3.926798755	4.250081937	4.625137979	5.060373378	5.574988762	6.195732437	6.945196273	7.866000124	9.056418283	10.58993107
%];


T_evaporation = T_evaporation_column.'; % column to row
COP = COP_column.';
%sftool(T_evaporation,COP)
%cftool(T_evaporation,COP)